25
4.942149866666667 4.978877833333333
2.556946625 -11.276195249999999
13.195007125 -4.378210325
4.949203457142858 -7.545804642857142
8.419744333333332 1.7608501333333333
-1.6405871 -3.7291842
8.4158588 -4.31645148
-1.5705766666666667 -1.5680729333333334
4.903606766666667 -1.2317537333333335
8.715153749999999 -10.885256
8.46805 -1.2818531499999999
4.968906820000001 -4.42036334
2.1994599909090913 -1.2297122363636364
2.264099509090909 -4.439605581818181
4.844797666666667 1.7872656999999998
2.3612521 -7.508047500000001
8.642448250000001 -7.4549392
13.272101 -6.995484
-1.6325922 1.9201213
2.2221966 4.99622785
12.639904000000001 -0.8060993766666668
2.148122733333333 1.7625493666666667
5.08397675 -11.284542000000002
-1.2213532999999999 -7.685941766666667
-1.39830995 -4.0973858