105
-1.6405871 -3.7291842
2.26328 -4.4606557
-1.585651 -1.2657638
2.2910736 -1.3318049
4.932737 -1.2890192
2.3065095 1.9166303
-1.6325922 1.9201213
2.210619 5.001776
4.984527 1.8923572
4.951844 -4.4389997
4.955205 4.9440775
2.258408 -4.4869657
4.9984517 -4.403011
8.492589 -1.2603418
8.261742 1.7857816
4.868477 4.862517
2.2337742 4.9906797
4.9428844 -4.372531
8.539821 -1.2395853
8.508758 1.8175447
5.0027676 5.130039
2.2971804 -4.4570017
8.508428 -4.312789
8.501212 -4.397674
2.0997555 -4.477555
4.9314313 -4.434556
8.537117 -1.3761494
8.488733 1.6792241
2.0951798 -1.2271136
12.359336 -0.7860265
12.875516 -0.49601683
12.68486 -1.1362548
13.131615 -4.0584583
2.1692796 -4.372306
8.625222 -7.4387193
2.010604 -1.0196545
5.021547 -7.505605
13.35092 -4.748067
5.01721 -7.5313945
8.667403 -7.3899035
2.335886 -4.4401317
2.1215143 -1.2542424
13.506949 -4.5867295
2.311389 -4.4579153
5.0275145 -7.589035
12.7905445 -4.1195865
13.272101 -6.995484
2.508403 -7.47483
2.2341595 -4.3860593
2.4344811 -7.538364
4.952884 -7.5735765
2.4596426 -7.6254215
2.4207568 -7.5461183
8.64528 -10.912731
8.7850275 -10.857781
5.1101065 -11.17771
4.8672976 -1.2243366
2.3310485 -4.406092
4.9152184 -1.0930988
5.0137877 -11.168856
4.818301 -1.3159829
5.0747423 -11.262532
2.2833662 -1.6790612
2.280353 -4.487182
8.289059 -4.2098017
2.4072587 -7.6201625
2.600898 -11.132041
8.871192 -7.536733
2.1852674 -1.049431
2.2032635 -0.891228
2.5651488 -11.279621
2.5347333 -11.202124
5.099208 -1.0392283
2.4097996 -1.1455746
2.3243551 -4.403797
-1.3201072 -4.080376
-1.0579327 -7.627759
5.1372705 -11.52907
2.5270064 -11.490995
2.190762 -1.3195612
4.874285 -1.2805984
4.9526033 -1.2424126
5.0199227 -4.452719
2.2582917 -1.2585328
-1.2343118 -7.693948
-1.4765127 -4.1143956
4.791863 -1.2825603
2.1449378 -1.3506304
-1.4521263 -1.7838873
-1.3718154 -7.7361183
4.8809476 -1.3185465
-1.6739527 -1.6545677
2.09388 1.5536982
8.347391 -4.3863587
2.0439787 1.8173196
4.807694 -7.7776155
4.797948 1.6707008
8.302673 -1.2513361
4.751918 1.7987391
2.0443852 -7.4630265
8.405976 -7.454401
4.788439 -7.48638
5.0291357 -7.357026
8.433204 -4.275634
2.2538373 -7.2884097